0 0 -891
100 -89 -1782
200 -267 -2673
300 -534 -3564
400 -890 -4455
500 -1335 -5346
600 -1869 -6237
700 -2492 -7128
800 -3204 -8019
900 -4005 -8910
1000 -4896 -9801
1100 -5876 -10692
1200 -6945 -11583
1300 -8103 -12474
1400 -9350 -13365
1500 -10686 -14256
1600 -12111 -15147
1700 -13625 -16038
1800 -15228 -16929
1900 -16920 -17820
2000 -18702 -18711
2100 -20573 -19602
2200 -22533 -20493
2300 -24582 -21384
2400 -26720 -22275
2500 -28947 -23166
2600 -31263 -24057
2700 -33668 -24948
2800 -36162 -25839
2900 -38745 -26730
3000 -41418 -27621
3100 -44180 -28512
3200 -47031 -29403
3300 -49971 -30294
3400 -53000 -31185
3500 -56118 -32076
3600 -59325 -32967
3700 -62621 -33858
3800 -66006 -34749
3900 -69480 -35640
4000 -73044 -36531
4100 -76697 -37422
4200 -80439 -38313
4300 -84270 -39204
4400 -88190 -40095
4500 -92199 -40986
4600 -96297 -41877
4700 -100484 -42768
4800 -104760 -43659
4900 -109125 -44550
5000 -113580 -45441
5100 -118124 -46332
5200 -122757 -47223
5300 -127479 -48114
5400 -132290 -49005
5500 -137190 -49896
5600 -142179 -50787
5700 -147257 -51678
5800 -152424 -52569
5900 -157680 -53460
6000 -163026 -54351
6100 -168461 -55242
6200 -173985 -56133
6300 -179598 -57024
6400 -185300 -57915
6500 -191091 -58806
6600 -196971 -59697
6700 -202940 -60588
6800 -208998 -61479
6900 -215145 -62370
7000 -221382 -63261
7100 -227708 -64152
7200 -234123 -65043
7300 -240627 -65934
7400 -247220 -66825
7500 -253902 -67716
7600 -260673 -68607
7700 -267533 -69498
7800 -274482 -70389
7900 -281520 -71280
8000 -288648 -72171
8100 -295865 -73062
8200 -303171 -73953
8300 -310566 -74844
8400 -318050 -75735
8500 -325623 -76626
8600 -333285 -77517
8700 -341036 -78408
8800 -348876 -79299
8900 -356805 -80190
9000 -364824 -81081
9100 -372932 -81972
9200 -381129 -82863
9300 -389415 -83754
9400 -397790 -84645
9500 -406254 -85536
9600 -414807 -86427
9700 -423449 -87318
9800 -432180 -88209
9900 -441000 -89100
10000 -449910 -89991
