0.000000 0.000000 -0.981000
0.100000 -0.098100 -1.962000
0.200000 -0.294300 -2.943000
0.300000 -0.588600 -3.924000
0.400000 -0.981000 -4.905000
0.500000 -1.471500 -5.886000
0.600000 -2.060100 -6.867000
0.700000 -2.746800 -7.848000
0.800000 -3.531600 -8.829000
0.900000 -4.414500 -9.810000
1.000000 -5.395500 -10.791000
1.100000 -6.474600 -11.772000
1.200000 -7.651800 -12.753000
1.300000 -8.927100 -13.734000
1.400000 -10.300500 -14.715000
1.500000 -11.772000 -15.696000
1.600000 -13.341600 -16.677000
1.700000 -15.009300 -17.658001
1.800000 -16.775101 -18.639002
1.900000 -18.639000 -19.620003
2.000000 -20.601000 -20.601004
2.100000 -22.661100 -21.582005
2.200000 -24.819302 -22.563005
2.300000 -27.075602 -23.544006
2.400000 -29.430002 -24.525007
2.500000 -31.882504 -25.506008
2.600000 -34.433105 -26.487009
2.700000 -37.081806 -27.468010
2.799999 -39.828606 -28.449011
2.899999 -42.673508 -29.430012
2.999999 -45.616508 -30.411013
3.099999 -48.657608 -31.392014
3.199999 -51.796810 -32.373013
3.299999 -55.034111 -33.354012
3.399999 -58.369511 -34.335011
3.499999 -61.803013 -35.316010
3.599999 -65.334610 -36.297009
3.699999 -68.964310 -37.278008
3.799999 -72.692108 -38.259007
3.899998 -76.518005 -39.240005
3.999998 -80.442009 -40.221004
4.099998 -84.464111 -41.202003
4.199998 -88.584312 -42.183002
4.299998 -92.802612 -43.164001
4.399998 -97.119011 -44.145000
4.499998 -101.533508 -45.125999
4.599998 -106.046112 -46.106998
4.699998 -110.656815 -47.087997
4.799998 -115.365616 -48.068996
4.899998 -120.172516 -49.049995
4.999998 -125.077515 -50.030994
5.099998 -130.080612 -51.011993
5.199997 -135.181808 -51.992992
5.299997 -140.381104 -52.973991
5.399997 -145.678497 -53.954990
5.499997 -151.073990 -54.935989
5.599997 -156.567596 -55.916988
5.699997 -162.159302 -56.897987
5.799997 -167.849106 -57.878986
5.899997 -173.637009 -58.859985
5.999997 -179.523010 -59.840984
6.099997 -185.507111 -60.821983
6.199996 -191.589310 -61.802982
6.299996 -197.769608 -62.783981
6.399996 -204.048004 -63.764980
6.499996 -210.424500 -64.745979
6.599996 -216.899094 -65.726982
6.699996 -223.471786 -66.707985
6.799996 -230.142578 -67.688988
6.899996 -236.911484 -68.669991
6.999996 -243.778488 -69.650993
7.099996 -250.743591 -70.631996
7.199996 -257.806793 -71.612999
7.299995 -264.968079 -72.594002
7.399995 -272.227478 -73.575005
7.499995 -279.584991 -74.556007
7.599995 -287.040588 -75.537010
7.699995 -294.594299 -76.518013
7.799995 -302.246094 -77.499016
7.899995 -309.996002 -78.480019
7.999995 -317.843994 -79.461021
8.099995 -325.790100 -80.442024
8.199995 -333.834290 -81.423027
8.299995 -341.976593 -82.404030
8.399996 -350.217010 -83.385033
8.499996 -358.555511 -84.366035
8.599997 -366.992126 -85.347038
8.699997 -375.526825 -86.328041
8.799997 -384.159637 -87.309044
8.899998 -392.890533 -88.290047
8.999998 -401.719543 -89.271049
9.099998 -410.646637 -90.252052
9.199999 -419.671844 -91.233055
9.299999 -428.795135 -92.214058
9.400000 -438.016541 -93.195061
9.500000 -447.336060 -94.176064
9.600000 -456.753662 -95.157066
9.700001 -466.269379 -96.138069
9.800001 -475.883179 -97.119072
9.900002 -485.595093 -98.100075
10.000002 -495.405090 -99.081078
