0 0 -4092
10000 -409 -8184
20000 -1227 -12276
30000 -2454 -16368
40000 -4090 -20460
50000 -6136 -24552
60000 -8591 -28644
70000 -11455 -32736
80000 -14728 -36828
90000 -18410 -40920
100000 -22502 -45012
110000 -27003 -49104
120000 -31913 -53196
130000 -37232 -57288
140000 -42960 -61380
150000 -49098 -65472
160000 -55645 -69564
170000 -62601 -73656
180000 -69966 -77748
190000 -77740 -81840
200000 -85924 -85932
210000 -94517 -90024
220000 -103519 -94116
230000 -112930 -98208
240000 -122750 -102300
250000 -132980 -106392
260000 -143619 -110484
270000 -154667 -114576
280000 -166124 -118668
290000 -177990 -122760
300000 -190266 -126852
310000 -202951 -130944
320000 -216045 -135036
330000 -229548 -139128
340000 -243460 -143220
350000 -257782 -147312
360000 -272513 -151404
370000 -287653 -155496
380000 -303202 -159588
390000 -319160 -163680
400000 -335528 -167772
410000 -352305 -171864
420000 -369491 -175956
430000 -387086 -180048
440000 -405090 -184140
450000 -423504 -188232
460000 -442327 -192324
470000 -461559 -196416
480000 -481200 -200508
490000 -501250 -204600
500000 -521710 -208692
510000 -542579 -212784
520000 -563857 -216876
530000 -542595 -220968
540000 -521743 -225060
550000 -501300 -229152
560000 -481266 -233244
570000 -461641 -237336
580000 -442425 -241428
590000 -423619 -245520
600000 -405222 -249612
610000 -387234 -253704
620000 -369655 -257796
630000 -352485 -261888
640000 -335725 -265980
650000 -319374 -270072
660000 -303432 -274164
670000 -287899 -278256
680000 -272775 -282348
690000 -258061 -286440
700000 -243756 -290532
710000 -229860 -294624
720000 -216373 -298716
730000 -203295 -302808
740000 -190627 -306900
750000 -178368 -310992
760000 -166518 -315084
770000 -155077 -319176
780000 -144045 -323268
790000 -133423 -327360
800000 -123210 -331452
810000 -113406 -335544
820000 -104011 -339636
830000 -95025 -343728
840000 -86449 -347820
850000 -78282 -351912
860000 -70524 -356004
870000 -63175 -360096
880000 -56235 -364188
890000 -49705 -368280
900000 -43584 -372372
910000 -37872 -376464
920000 -32569 -380556
930000 -27675 -384648
940000 -23191 -388740
950000 -19116 -392832
960000 -15450 -396924
970000 -12193 -401016
980000 -9345 -405108
990000 -6907 -409200
1000000 -4878 -413292
